# CK3 Color Conversions
# Format: color_name, original_hsv, hsv360, rgb, hex, rgb256

red             | 0.020 0.80 0.45 | 007 080 045 | 0.450 0.133 0.090       | #722116 | 114  33  22
blue            | 0.580 0.80 0.40 | 208 080 040 | 0.080 0.246 0.400       | #143E66 |  20  62 102
yellow          | 0.100 0.75 0.75 | 036 075 075 | 0.750 0.525 0.188       | #BF852F | 191 133  47
green           | 0.350 0.60 0.30 | 125 060 030 | 0.120 0.300 0.138       | #1E4C23 |  30  76  35
black           | 0.100 0.25 0.10 | 036 025 010 | 0.100 0.090 0.075       | #191613 |  25  22  19
white           | 0.080 0.02 0.80 | 028 002 080 | 0.800 0.792 0.784       | #CCC9C7 | 204 201 199
purple          | 0.900 0.70 0.35 | 324 070 035 | 0.350 0.105 0.252       | #591A40 |  89  26  64
orange          | 0.064 1.00 0.60 | 023 100 060 | 0.600 0.230 0.000       | #993A00 | 153  58   0
grey            | 0.000 0.00 0.50 | 000 000 050 | 0.500 0.500 0.500       | #7F7F7F | 127 127 127
blue_light      | 0.580 0.70 0.55 | 208 070 055 | 0.165 0.365 0.550       | #2A5D8C |  42  93 140
green_light     | 0.350 0.50 0.40 | 125 050 040 | 0.200 0.400 0.220       | #336638 |  51 102  56
yellow_light    | 0.100 0.80 1.00 | 036 080 100 | 1.000 0.680 0.200       | #FFAD32 | 255 173  50
red_dark        | 0.000 0.90 0.30 | 000 090 030 | 0.300 0.030 0.030       | #4C0707 |  76   7   7
blue_dark       | 0.580 0.90 0.30 | 208 090 030 | 0.030 0.170 0.300       | #072B4C |   7  43  76
brown           | 0.058 0.74 0.45 | 021 074 045 | 0.450 0.234 0.117       | #723B1D | 114  59  29
